(kicad_pcb (version 20171130) (host pcbnew "(6.0.0-rc1-dev-1198-gf6cdcc1db)")

  (general
    (thickness 1.6)
    (drawings 28)
    (tracks 0)
    (zones 0)
    (modules 18)
    (nets 14)
  )

  (page A4)
  (layers
    (0 F.Cu signal)
    (31 B.Cu signal)
    (32 B.Adhes user)
    (33 F.Adhes user)
    (34 B.Paste user)
    (35 F.Paste user hide)
    (36 B.SilkS user)
    (37 F.SilkS user hide)
    (38 B.Mask user)
    (39 F.Mask user hide)
    (40 Dwgs.User user hide)
    (41 Cmts.User user hide)
    (42 Eco1.User user hide)
    (43 Eco2.User user hide)
    (44 Edge.Cuts user)
    (45 Margin user hide)
    (46 B.CrtYd user)
    (47 F.CrtYd user hide)
    (48 B.Fab user)
    (49 F.Fab user)
  )

  (setup
    (last_trace_width 0.25)
    (trace_clearance 0.2)
    (zone_clearance 0.508)
    (zone_45_only no)
    (trace_min 0.2)
    (via_size 0.8)
    (via_drill 0.4)
    (via_min_size 0.4)
    (via_min_drill 0.3)
    (uvia_size 0.3)
    (uvia_drill 0.1)
    (uvias_allowed no)
    (uvia_min_size 0.2)
    (uvia_min_drill 0.1)
    (edge_width 0.2)
    (segment_width 0.2)
    (pcb_text_width 0.3)
    (pcb_text_size 1.5 1.5)
    (mod_edge_width 0.15)
    (mod_text_size 1 1)
    (mod_text_width 0.15)
    (pad_size 1.524 1.524)
    (pad_drill 0.762)
    (pad_to_mask_clearance 0.051)
    (solder_mask_min_width 0.25)
    (aux_axis_origin 0 0)
    (grid_origin 22 22)
    (visible_elements FFFFEF7F)
    (pcbplotparams
      (layerselection 0x010fc_ffffffff)
      (usegerberextensions false)
      (usegerberattributes false)
      (usegerberadvancedattributes false)
      (creategerberjobfile false)
      (excludeedgelayer true)
      (linewidth 0.100000)
      (plotframeref false)
      (viasonmask false)
      (mode 1)
      (useauxorigin false)
      (hpglpennumber 1)
      (hpglpenspeed 20)
      (hpglpendiameter 15.000000)
      (psnegative false)
      (psa4output false)
      (plotreference true)
      (plotvalue true)
      (plotinvisibletext false)
      (padsonsilk false)
      (subtractmaskfromsilk false)
      (outputformat 1)
      (mirror false)
      (drillshape 1)
      (scaleselection 1)
      (outputdirectory ""))
  )

  (net 0 "")
  (net 1 VCC)
  (net 2 GND)
  (net 3 "Net-(C1-Pad1)")
  (net 4 "Net-(C1-Pad2)")
  (net 5 "Net-(C2-Pad2)")
  (net 6 "Net-(C2-Pad1)")
  (net 7 "Net-(D1-Pad1)")
  (net 8 "Net-(D2-Pad1)")
  (net 9 "Net-(D3-Pad1)")
  (net 10 "Net-(D4-Pad1)")
  (net 11 "Net-(D5-Pad1)")
  (net 12 "Net-(D6-Pad1)")
  (net 13 "Net-(D7-Pad1)")

  (net_class Default "This is the default net class."
    (clearance 0.2)
    (trace_width 0.25)
    (via_dia 0.8)
    (via_drill 0.4)
    (uvia_dia 0.3)
    (uvia_drill 0.1)
    (add_net GND)
    (add_net "Net-(C1-Pad1)")
    (add_net "Net-(C1-Pad2)")
    (add_net "Net-(C2-Pad1)")
    (add_net "Net-(C2-Pad2)")
    (add_net "Net-(D1-Pad1)")
    (add_net "Net-(D2-Pad1)")
    (add_net "Net-(D3-Pad1)")
    (add_net "Net-(D4-Pad1)")
    (add_net "Net-(D5-Pad1)")
    (add_net "Net-(D6-Pad1)")
    (add_net "Net-(D7-Pad1)")
    (add_net VCC)
  )

  (module LED_THT:LED_Rectangular_W5.0mm_H5.0mm (layer F.Cu) (tedit 587A3A7B) (tstamp 5C0BE7BB)
    (at 46 39.5 180)
    (descr "LED_Rectangular, Rectangular,  Rectangular size 5.0x5.0mm^2, 2 pins, http://www.kingbright.com/attachments/file/psearch/000/00/00/L-169XCGDK(Ver.9B).pdf")
    (tags "LED_Rectangular Rectangular  Rectangular size 5.0x5.0mm^2 2 pins")
    (path /5BF4BD21)
    (fp_text reference D6 (at 1.27 -3.56 180) (layer F.SilkS)
      (effects (font (size 1 1) (thickness 0.15)))
    )
    (fp_text value LED (at 1.27 3.56 180) (layer F.Fab)
      (effects (font (size 1 1) (thickness 0.15)))
    )
    (fp_line (start 4.1 -2.85) (end -1.55 -2.85) (layer F.CrtYd) (width 0.05))
    (fp_line (start 4.1 2.85) (end 4.1 -2.85) (layer F.CrtYd) (width 0.05))
    (fp_line (start -1.55 2.85) (end 4.1 2.85) (layer F.CrtYd) (width 0.05))
    (fp_line (start -1.55 -2.85) (end -1.55 2.85) (layer F.CrtYd) (width 0.05))
    (fp_line (start -1.051 1.08) (end -1.051 2.56) (layer F.SilkS) (width 0.12))
    (fp_line (start -1.051 -2.56) (end -1.051 -1.08) (layer F.SilkS) (width 0.12))
    (fp_line (start -1.17 -2.56) (end -1.17 2.56) (layer F.SilkS) (width 0.12))
    (fp_line (start 3.83 -2.56) (end 3.83 2.56) (layer F.SilkS) (width 0.12))
    (fp_line (start -1.29 -2.56) (end -1.29 2.56) (layer F.SilkS) (width 0.12))
    (fp_line (start -1.29 2.56) (end 3.83 2.56) (layer F.SilkS) (width 0.12))
    (fp_line (start -1.29 -2.56) (end 3.83 -2.56) (layer F.SilkS) (width 0.12))
    (fp_line (start 3.77 -2.5) (end -1.23 -2.5) (layer F.Fab) (width 0.1))
    (fp_line (start 3.77 2.5) (end 3.77 -2.5) (layer F.Fab) (width 0.1))
    (fp_line (start -1.23 2.5) (end 3.77 2.5) (layer F.Fab) (width 0.1))
    (fp_line (start -1.23 -2.5) (end -1.23 2.5) (layer F.Fab) (width 0.1))
    (pad 2 thru_hole circle (at 2.54 0 180) (size 1.8 1.8) (drill 0.9) (layers *.Cu *.Mask)
      (net 11 "Net-(D5-Pad1)"))
    (pad 1 thru_hole rect (at 0 0 180) (size 1.8 1.8) (drill 0.9) (layers *.Cu *.Mask)
      (net 12 "Net-(D6-Pad1)"))
    (model ${KISYS3DMOD}/LED_THT.3dshapes/LED_Rectangular_W5.0mm_H5.0mm.wrl
      (at (xyz 0 0 0))
      (scale (xyz 1 1 1))
      (rotate (xyz 0 0 0))
    )
  )

  (module Battery:BatteryHolder_LINX_BAT-HLD-012-SMT (layer B.Cu) (tedit 5B256044) (tstamp 5BF5735D)
    (at 42.447 74.324 90)
    (descr "SMT battery holder for CR1216/1220/1225, https://linxtechnologies.com/wp/wp-content/uploads/bat-hld-012-smt.pdf")
    (tags "battery holder coin cell cr1216 cr1220 cr1225")
    (path /5BF3CB03)
    (attr smd)
    (fp_text reference BT1 (at 0 -6 90) (layer B.SilkS)
      (effects (font (size 1 1) (thickness 0.15)) (justify mirror))
    )
    (fp_text value Battery_Cell (at 0 7 90) (layer B.Fab)
      (effects (font (size 1 1) (thickness 0.15)) (justify mirror))
    )
    (fp_line (start 6.55 -2.85) (end 5.4 -4.2) (layer B.SilkS) (width 0.1))
    (fp_line (start -6.55 -2.85) (end -5.4 -4.2) (layer B.SilkS) (width 0.1))
    (fp_line (start -4.9 4.4) (end -3 4.4) (layer B.SilkS) (width 0.1))
    (fp_line (start 4.9 4.4) (end 3 4.4) (layer B.SilkS) (width 0.1))
    (fp_line (start 4.9 4.4) (end 6.55 2.75) (layer B.SilkS) (width 0.1))
    (fp_line (start -6.55 2.75) (end -4.9 4.4) (layer B.SilkS) (width 0.1))
    (fp_line (start 6.55 2.75) (end 6.75 2.75) (layer B.Fab) (width 0.1))
    (fp_line (start 6.55 2.75) (end 6.7 2.9) (layer B.Fab) (width 0.1))
    (fp_line (start 5.05 4.55) (end 4.9 4.4) (layer B.Fab) (width 0.1))
    (fp_line (start -5.05 4.55) (end -4.9 4.4) (layer B.Fab) (width 0.1))
    (fp_line (start -6.55 2.75) (end -6.7 2.9) (layer B.Fab) (width 0.1))
    (fp_line (start -6.75 2.75) (end -6.55 2.75) (layer B.Fab) (width 0.1))
    (fp_line (start 6.75 -2.85) (end 6.55 -2.85) (layer B.Fab) (width 0.1))
    (fp_line (start -6.75 -2.85) (end -6.55 -2.85) (layer B.Fab) (width 0.1))
    (fp_line (start -3.55 -6.75) (end -7.25 -3.05) (layer B.CrtYd) (width 0.05))
    (fp_line (start 3.55 -6.75) (end 7.25 -3.05) (layer B.CrtYd) (width 0.05))
    (fp_line (start -3.55 -6.75) (end 3.55 -6.75) (layer B.CrtYd) (width 0.05))
    (fp_line (start 9.35 -3.05) (end 7.25 -3.05) (layer B.CrtYd) (width 0.05))
    (fp_line (start 9.35 3.05) (end 9.35 -3.05) (layer B.CrtYd) (width 0.05))
    (fp_line (start 7.25 3.05) (end 9.35 3.05) (layer B.CrtYd) (width 0.05))
    (fp_line (start 3.55 6.75) (end 7.25 3.05) (layer B.CrtYd) (width 0.05))
    (fp_line (start -3.55 6.75) (end 3.55 6.75) (layer B.CrtYd) (width 0.05))
    (fp_line (start -7.25 3.05) (end -3.55 6.75) (layer B.CrtYd) (width 0.05))
    (fp_line (start -9.35 -3.05) (end -7.25 -3.05) (layer B.CrtYd) (width 0.05))
    (fp_line (start -9.35 3.05) (end -7.25 3.05) (layer B.CrtYd) (width 0.05))
    (fp_line (start -9.35 -3.05) (end -9.35 3.05) (layer B.CrtYd) (width 0.05))
    (fp_circle (center 0 0) (end -6.25 0) (layer B.Fab) (width 0.1))
    (fp_arc (start 0 -6) (end -1.8 -4.2) (angle -90) (layer B.Fab) (width 0.1))
    (fp_arc (start 3.6 -2.4) (end 5.4 -4.2) (angle -70.55996517) (layer B.SilkS) (width 0.1))
    (fp_line (start 6.55 -2.85) (end 5.4 -4.2) (layer B.Fab) (width 0.1))
    (fp_line (start -6.55 -2.85) (end -5.4 -4.2) (layer B.Fab) (width 0.1))
    (fp_line (start -6.55 2.75) (end -4.9 4.4) (layer B.Fab) (width 0.1))
    (fp_line (start -6.55 -2.85) (end -6.55 2.75) (layer B.Fab) (width 0.1))
    (fp_line (start 6.55 2.75) (end 4.9 4.4) (layer B.Fab) (width 0.1))
    (fp_line (start 6.55 -2.85) (end 6.55 2.75) (layer B.Fab) (width 0.1))
    (fp_line (start 6.7 2.9) (end 5.05 4.55) (layer B.Fab) (width 0.1))
    (fp_line (start -6.7 2.9) (end -5.05 4.55) (layer B.Fab) (width 0.1))
    (fp_line (start 4.9 4.4) (end -4.9 4.4) (layer B.Fab) (width 0.1))
    (fp_line (start 6.75 -2.85) (end 6.75 2.75) (layer B.Fab) (width 0.1))
    (fp_line (start -6.75 -2.85) (end -6.75 2.75) (layer B.Fab) (width 0.1))
    (fp_line (start 7.65 2.55) (end 6.75 2.55) (layer B.Fab) (width 0.1))
    (fp_line (start 7.65 0.55) (end 7.65 2.55) (layer B.Fab) (width 0.1))
    (fp_line (start 6.75 0.55) (end 7.65 0.55) (layer B.Fab) (width 0.1))
    (fp_line (start 7.65 -0.55) (end 6.75 -0.55) (layer B.Fab) (width 0.1))
    (fp_line (start 7.65 -2.55) (end 7.65 -0.55) (layer B.Fab) (width 0.1))
    (fp_line (start 6.75 -2.55) (end 7.65 -2.55) (layer B.Fab) (width 0.1))
    (fp_line (start -7.65 -2.55) (end -6.75 -2.55) (layer B.Fab) (width 0.1))
    (fp_line (start -7.65 -0.55) (end -7.65 -2.55) (layer B.Fab) (width 0.1))
    (fp_line (start -6.75 -0.55) (end -7.65 -0.55) (layer B.Fab) (width 0.1))
    (fp_line (start -7.65 0.55) (end -6.75 0.55) (layer B.Fab) (width 0.1))
    (fp_line (start -7.65 2.55) (end -6.75 2.55) (layer B.Fab) (width 0.1))
    (fp_line (start -7.65 2.55) (end -7.65 0.55) (layer B.Fab) (width 0.1))
    (fp_text user %R (at 0 0 90) (layer B.Fab)
      (effects (font (size 1 1) (thickness 0.15)) (justify mirror))
    )
    (fp_arc (start 3.6 -2.4) (end 5.4 -4.2) (angle -90) (layer B.Fab) (width 0.1))
    (fp_arc (start -3.6 -2.4) (end -1.8 -4.2) (angle -90) (layer B.Fab) (width 0.1))
    (fp_arc (start -3.6 -2.4) (end -5.4 -4.2) (angle 70.5) (layer B.SilkS) (width 0.1))
    (pad 1 smd rect (at -7.6 0 90) (size 2.5 5.1) (layers B.Cu B.Paste B.Mask)
      (net 1 VCC))
    (pad 1 smd rect (at 7.6 0 90) (size 2.5 5.1) (layers B.Cu B.Paste B.Mask)
      (net 1 VCC))
    (pad 2 smd circle (at 0 0 90) (size 10.2 10.2) (layers B.Cu B.Paste B.Mask)
      (net 2 GND))
    (model ${KISYS3DMOD}/Battery.3dshapes/BatteryHolder_LINX_BAT-HLD-012-SMT.wrl
      (at (xyz 0 0 0))
      (scale (xyz 1 1 1))
      (rotate (xyz 0 0 0))
    )
  )

  (module Capacitor_SMD:CP_Elec_6.3x5.4_Nichicon (layer B.Cu) (tedit 5A841F9D) (tstamp 5BFF9834)
    (at 63.021 54.258 270)
    (descr "SMT capacitor, aluminium electrolytic, 6.3x5.4, Nichicon ")
    (tags "Capacitor Electrolytic")
    (path /5BF35CC3)
    (attr smd)
    (fp_text reference C1 (at 0 4.35 270) (layer B.SilkS)
      (effects (font (size 1 1) (thickness 0.15)) (justify mirror))
    )
    (fp_text value 100uF (at 0 -4.35 270) (layer B.Fab)
      (effects (font (size 1 1) (thickness 0.15)) (justify mirror))
    )
    (fp_circle (center 0 0) (end 3.15 0) (layer B.Fab) (width 0.1))
    (fp_line (start 3.3 3.3) (end 3.3 -3.3) (layer B.Fab) (width 0.1))
    (fp_line (start -2.3 3.3) (end 3.3 3.3) (layer B.Fab) (width 0.1))
    (fp_line (start -2.3 -3.3) (end 3.3 -3.3) (layer B.Fab) (width 0.1))
    (fp_line (start -3.3 2.3) (end -3.3 -2.3) (layer B.Fab) (width 0.1))
    (fp_line (start -3.3 2.3) (end -2.3 3.3) (layer B.Fab) (width 0.1))
    (fp_line (start -3.3 -2.3) (end -2.3 -3.3) (layer B.Fab) (width 0.1))
    (fp_line (start -2.704838 1.33) (end -2.074838 1.33) (layer B.Fab) (width 0.1))
    (fp_line (start -2.389838 1.645) (end -2.389838 1.015) (layer B.Fab) (width 0.1))
    (fp_line (start 3.41 -3.41) (end 3.41 -1.06) (layer B.SilkS) (width 0.12))
    (fp_line (start 3.41 3.41) (end 3.41 1.06) (layer B.SilkS) (width 0.12))
    (fp_line (start -2.345563 3.41) (end 3.41 3.41) (layer B.SilkS) (width 0.12))
    (fp_line (start -2.345563 -3.41) (end 3.41 -3.41) (layer B.SilkS) (width 0.12))
    (fp_line (start -3.41 -2.345563) (end -3.41 -1.06) (layer B.SilkS) (width 0.12))
    (fp_line (start -3.41 2.345563) (end -3.41 1.06) (layer B.SilkS) (width 0.12))
    (fp_line (start -3.41 2.345563) (end -2.345563 3.41) (layer B.SilkS) (width 0.12))
    (fp_line (start -3.41 -2.345563) (end -2.345563 -3.41) (layer B.SilkS) (width 0.12))
    (fp_line (start -4.4375 1.8475) (end -3.65 1.8475) (layer B.SilkS) (width 0.12))
    (fp_line (start -4.04375 2.24125) (end -4.04375 1.45375) (layer B.SilkS) (width 0.12))
    (fp_line (start 3.55 3.55) (end 3.55 1.05) (layer B.CrtYd) (width 0.05))
    (fp_line (start 3.55 1.05) (end 4.7 1.05) (layer B.CrtYd) (width 0.05))
    (fp_line (start 4.7 1.05) (end 4.7 -1.05) (layer B.CrtYd) (width 0.05))
    (fp_line (start 4.7 -1.05) (end 3.55 -1.05) (layer B.CrtYd) (width 0.05))
    (fp_line (start 3.55 -1.05) (end 3.55 -3.55) (layer B.CrtYd) (width 0.05))
    (fp_line (start -2.4 -3.55) (end 3.55 -3.55) (layer B.CrtYd) (width 0.05))
    (fp_line (start -2.4 3.55) (end 3.55 3.55) (layer B.CrtYd) (width 0.05))
    (fp_line (start -3.55 -2.4) (end -2.4 -3.55) (layer B.CrtYd) (width 0.05))
    (fp_line (start -3.55 2.4) (end -2.4 3.55) (layer B.CrtYd) (width 0.05))
    (fp_line (start -3.55 2.4) (end -3.55 1.05) (layer B.CrtYd) (width 0.05))
    (fp_line (start -3.55 -1.05) (end -3.55 -2.4) (layer B.CrtYd) (width 0.05))
    (fp_line (start -3.55 1.05) (end -4.7 1.05) (layer B.CrtYd) (width 0.05))
    (fp_line (start -4.7 1.05) (end -4.7 -1.05) (layer B.CrtYd) (width 0.05))
    (fp_line (start -4.7 -1.05) (end -3.55 -1.05) (layer B.CrtYd) (width 0.05))
    (fp_text user %R (at 0 0 270) (layer B.Fab)
      (effects (font (size 1 1) (thickness 0.15)) (justify mirror))
    )
    (pad 1 smd rect (at -2.7 0 270) (size 3.5 1.6) (layers B.Cu B.Paste B.Mask)
      (net 3 "Net-(C1-Pad1)"))
    (pad 2 smd rect (at 2.7 0 270) (size 3.5 1.6) (layers B.Cu B.Paste B.Mask)
      (net 4 "Net-(C1-Pad2)"))
    (model ${KISYS3DMOD}/Capacitor_SMD.3dshapes/CP_Elec_6.3x5.4_Nichicon.wrl
      (at (xyz 0 0 0))
      (scale (xyz 1 1 1))
      (rotate (xyz 0 0 0))
    )
  )

  (module Capacitor_SMD:CP_Elec_6.3x5.4_Nichicon (layer B.Cu) (tedit 5A841F9D) (tstamp 5BFF985C)
    (at 21.619 54.258 270)
    (descr "SMT capacitor, aluminium electrolytic, 6.3x5.4, Nichicon ")
    (tags "Capacitor Electrolytic")
    (path /5BF35E94)
    (attr smd)
    (fp_text reference C2 (at 0 4.35 270) (layer B.SilkS)
      (effects (font (size 1 1) (thickness 0.15)) (justify mirror))
    )
    (fp_text value 100mF (at 0 -4.35 270) (layer B.Fab)
      (effects (font (size 1 1) (thickness 0.15)) (justify mirror))
    )
    (fp_text user %R (at 0 0 270) (layer B.Fab)
      (effects (font (size 1 1) (thickness 0.15)) (justify mirror))
    )
    (fp_line (start -4.7 -1.05) (end -3.55 -1.05) (layer B.CrtYd) (width 0.05))
    (fp_line (start -4.7 1.05) (end -4.7 -1.05) (layer B.CrtYd) (width 0.05))
    (fp_line (start -3.55 1.05) (end -4.7 1.05) (layer B.CrtYd) (width 0.05))
    (fp_line (start -3.55 -1.05) (end -3.55 -2.4) (layer B.CrtYd) (width 0.05))
    (fp_line (start -3.55 2.4) (end -3.55 1.05) (layer B.CrtYd) (width 0.05))
    (fp_line (start -3.55 2.4) (end -2.4 3.55) (layer B.CrtYd) (width 0.05))
    (fp_line (start -3.55 -2.4) (end -2.4 -3.55) (layer B.CrtYd) (width 0.05))
    (fp_line (start -2.4 3.55) (end 3.55 3.55) (layer B.CrtYd) (width 0.05))
    (fp_line (start -2.4 -3.55) (end 3.55 -3.55) (layer B.CrtYd) (width 0.05))
    (fp_line (start 3.55 -1.05) (end 3.55 -3.55) (layer B.CrtYd) (width 0.05))
    (fp_line (start 4.7 -1.05) (end 3.55 -1.05) (layer B.CrtYd) (width 0.05))
    (fp_line (start 4.7 1.05) (end 4.7 -1.05) (layer B.CrtYd) (width 0.05))
    (fp_line (start 3.55 1.05) (end 4.7 1.05) (layer B.CrtYd) (width 0.05))
    (fp_line (start 3.55 3.55) (end 3.55 1.05) (layer B.CrtYd) (width 0.05))
    (fp_line (start -4.04375 2.24125) (end -4.04375 1.45375) (layer B.SilkS) (width 0.12))
    (fp_line (start -4.4375 1.8475) (end -3.65 1.8475) (layer B.SilkS) (width 0.12))
    (fp_line (start -3.41 -2.345563) (end -2.345563 -3.41) (layer B.SilkS) (width 0.12))
    (fp_line (start -3.41 2.345563) (end -2.345563 3.41) (layer B.SilkS) (width 0.12))
    (fp_line (start -3.41 2.345563) (end -3.41 1.06) (layer B.SilkS) (width 0.12))
    (fp_line (start -3.41 -2.345563) (end -3.41 -1.06) (layer B.SilkS) (width 0.12))
    (fp_line (start -2.345563 -3.41) (end 3.41 -3.41) (layer B.SilkS) (width 0.12))
    (fp_line (start -2.345563 3.41) (end 3.41 3.41) (layer B.SilkS) (width 0.12))
    (fp_line (start 3.41 3.41) (end 3.41 1.06) (layer B.SilkS) (width 0.12))
    (fp_line (start 3.41 -3.41) (end 3.41 -1.06) (layer B.SilkS) (width 0.12))
    (fp_line (start -2.389838 1.645) (end -2.389838 1.015) (layer B.Fab) (width 0.1))
    (fp_line (start -2.704838 1.33) (end -2.074838 1.33) (layer B.Fab) (width 0.1))
    (fp_line (start -3.3 -2.3) (end -2.3 -3.3) (layer B.Fab) (width 0.1))
    (fp_line (start -3.3 2.3) (end -2.3 3.3) (layer B.Fab) (width 0.1))
    (fp_line (start -3.3 2.3) (end -3.3 -2.3) (layer B.Fab) (width 0.1))
    (fp_line (start -2.3 -3.3) (end 3.3 -3.3) (layer B.Fab) (width 0.1))
    (fp_line (start -2.3 3.3) (end 3.3 3.3) (layer B.Fab) (width 0.1))
    (fp_line (start 3.3 3.3) (end 3.3 -3.3) (layer B.Fab) (width 0.1))
    (fp_circle (center 0 0) (end 3.15 0) (layer B.Fab) (width 0.1))
    (pad 2 smd rect (at 2.7 0 270) (size 3.5 1.6) (layers B.Cu B.Paste B.Mask)
      (net 5 "Net-(C2-Pad2)"))
    (pad 1 smd rect (at -2.7 0 270) (size 3.5 1.6) (layers B.Cu B.Paste B.Mask)
      (net 6 "Net-(C2-Pad1)"))
    (model ${KISYS3DMOD}/Capacitor_SMD.3dshapes/CP_Elec_6.3x5.4_Nichicon.wrl
      (at (xyz 0 0 0))
      (scale (xyz 1 1 1))
      (rotate (xyz 0 0 0))
    )
  )

  (module Package_TO_SOT_SMD:SOT-23 (layer B.Cu) (tedit 5A02FF57) (tstamp 5BFF98FD)
    (at 33.049 57.052 180)
    (descr "SOT-23, Standard")
    (tags SOT-23)
    (path /5BF48FC8)
    (attr smd)
    (fp_text reference Q2 (at 0 2.5 180) (layer B.SilkS)
      (effects (font (size 1 1) (thickness 0.15)) (justify mirror))
    )
    (fp_text value MMBT3904 (at 0 -2.5 180) (layer B.Fab)
      (effects (font (size 1 1) (thickness 0.15)) (justify mirror))
    )
    (fp_text user %R (at 0 0 90) (layer B.Fab)
      (effects (font (size 0.5 0.5) (thickness 0.075)) (justify mirror))
    )
    (fp_line (start -0.7 0.95) (end -0.7 -1.5) (layer B.Fab) (width 0.1))
    (fp_line (start -0.15 1.52) (end 0.7 1.52) (layer B.Fab) (width 0.1))
    (fp_line (start -0.7 0.95) (end -0.15 1.52) (layer B.Fab) (width 0.1))
    (fp_line (start 0.7 1.52) (end 0.7 -1.52) (layer B.Fab) (width 0.1))
    (fp_line (start -0.7 -1.52) (end 0.7 -1.52) (layer B.Fab) (width 0.1))
    (fp_line (start 0.76 -1.58) (end 0.76 -0.65) (layer B.SilkS) (width 0.12))
    (fp_line (start 0.76 1.58) (end 0.76 0.65) (layer B.SilkS) (width 0.12))
    (fp_line (start -1.7 1.75) (end 1.7 1.75) (layer B.CrtYd) (width 0.05))
    (fp_line (start 1.7 1.75) (end 1.7 -1.75) (layer B.CrtYd) (width 0.05))
    (fp_line (start 1.7 -1.75) (end -1.7 -1.75) (layer B.CrtYd) (width 0.05))
    (fp_line (start -1.7 -1.75) (end -1.7 1.75) (layer B.CrtYd) (width 0.05))
    (fp_line (start 0.76 1.58) (end -1.4 1.58) (layer B.SilkS) (width 0.12))
    (fp_line (start 0.76 -1.58) (end -0.7 -1.58) (layer B.SilkS) (width 0.12))
    (pad 1 smd rect (at -1 0.95 180) (size 0.9 0.8) (layers B.Cu B.Paste B.Mask)
      (net 3 "Net-(C1-Pad1)"))
    (pad 2 smd rect (at -1 -0.95 180) (size 0.9 0.8) (layers B.Cu B.Paste B.Mask)
      (net 2 GND))
    (pad 3 smd rect (at 1 0 180) (size 0.9 0.8) (layers B.Cu B.Paste B.Mask)
      (net 5 "Net-(C2-Pad2)"))
    (model ${KISYS3DMOD}/Package_TO_SOT_SMD.3dshapes/SOT-23.wrl
      (at (xyz 0 0 0))
      (scale (xyz 1 1 1))
      (rotate (xyz 0 0 0))
    )
  )

  (module Package_TO_SOT_SMD:SOT-23 (layer B.Cu) (tedit 5A02FF57) (tstamp 5BFF98E8)
    (at 50.321 57.052)
    (descr "SOT-23, Standard")
    (tags SOT-23)
    (path /5BF490FA)
    (attr smd)
    (fp_text reference Q1 (at 0 2.5) (layer B.SilkS)
      (effects (font (size 1 1) (thickness 0.15)) (justify mirror))
    )
    (fp_text value MMBT3904 (at 0 -2.5) (layer B.Fab)
      (effects (font (size 1 1) (thickness 0.15)) (justify mirror))
    )
    (fp_line (start 0.76 -1.58) (end -0.7 -1.58) (layer B.SilkS) (width 0.12))
    (fp_line (start 0.76 1.58) (end -1.4 1.58) (layer B.SilkS) (width 0.12))
    (fp_line (start -1.7 -1.75) (end -1.7 1.75) (layer B.CrtYd) (width 0.05))
    (fp_line (start 1.7 -1.75) (end -1.7 -1.75) (layer B.CrtYd) (width 0.05))
    (fp_line (start 1.7 1.75) (end 1.7 -1.75) (layer B.CrtYd) (width 0.05))
    (fp_line (start -1.7 1.75) (end 1.7 1.75) (layer B.CrtYd) (width 0.05))
    (fp_line (start 0.76 1.58) (end 0.76 0.65) (layer B.SilkS) (width 0.12))
    (fp_line (start 0.76 -1.58) (end 0.76 -0.65) (layer B.SilkS) (width 0.12))
    (fp_line (start -0.7 -1.52) (end 0.7 -1.52) (layer B.Fab) (width 0.1))
    (fp_line (start 0.7 1.52) (end 0.7 -1.52) (layer B.Fab) (width 0.1))
    (fp_line (start -0.7 0.95) (end -0.15 1.52) (layer B.Fab) (width 0.1))
    (fp_line (start -0.15 1.52) (end 0.7 1.52) (layer B.Fab) (width 0.1))
    (fp_line (start -0.7 0.95) (end -0.7 -1.5) (layer B.Fab) (width 0.1))
    (fp_text user %R (at 0 0 -90) (layer B.Fab)
      (effects (font (size 0.5 0.5) (thickness 0.075)) (justify mirror))
    )
    (pad 3 smd rect (at 1 0) (size 0.9 0.8) (layers B.Cu B.Paste B.Mask)
      (net 4 "Net-(C1-Pad2)"))
    (pad 2 smd rect (at -1 -0.95) (size 0.9 0.8) (layers B.Cu B.Paste B.Mask)
      (net 2 GND))
    (pad 1 smd rect (at -1 0.95) (size 0.9 0.8) (layers B.Cu B.Paste B.Mask)
      (net 6 "Net-(C2-Pad1)"))
    (model ${KISYS3DMOD}/Package_TO_SOT_SMD.3dshapes/SOT-23.wrl
      (at (xyz 0 0 0))
      (scale (xyz 1 1 1))
      (rotate (xyz 0 0 0))
    )
  )

  (module Resistor_SMD:R_2010_5025Metric_Pad1.52x2.65mm_HandSolder (layer B.Cu) (tedit 5B301BBD) (tstamp 5BFFDA86)
    (at 58 29.5)
    (descr "Resistor SMD 2010 (5025 Metric), square (rectangular) end terminal, IPC_7351 nominal with elongated pad for handsoldering. (Body size source: http://www.tortai-tech.com/upload/download/2011102023233369053.pdf), generated with kicad-footprint-generator")
    (tags "resistor handsolder")
    (path /5BF386D1)
    (attr smd)
    (fp_text reference R1 (at 0 2.28) (layer B.SilkS)
      (effects (font (size 1 1) (thickness 0.15)) (justify mirror))
    )
    (fp_text value 220 (at 0 -2.28) (layer B.Fab)
      (effects (font (size 1 1) (thickness 0.15)) (justify mirror))
    )
    (fp_text user %R (at 0 0) (layer B.Fab)
      (effects (font (size 1 1) (thickness 0.15)) (justify mirror))
    )
    (fp_line (start 3.35 -1.58) (end -3.35 -1.58) (layer B.CrtYd) (width 0.05))
    (fp_line (start 3.35 1.58) (end 3.35 -1.58) (layer B.CrtYd) (width 0.05))
    (fp_line (start -3.35 1.58) (end 3.35 1.58) (layer B.CrtYd) (width 0.05))
    (fp_line (start -3.35 -1.58) (end -3.35 1.58) (layer B.CrtYd) (width 0.05))
    (fp_line (start -1.402064 -1.36) (end 1.402064 -1.36) (layer B.SilkS) (width 0.12))
    (fp_line (start -1.402064 1.36) (end 1.402064 1.36) (layer B.SilkS) (width 0.12))
    (fp_line (start 2.5 -1.25) (end -2.5 -1.25) (layer B.Fab) (width 0.1))
    (fp_line (start 2.5 1.25) (end 2.5 -1.25) (layer B.Fab) (width 0.1))
    (fp_line (start -2.5 1.25) (end 2.5 1.25) (layer B.Fab) (width 0.1))
    (fp_line (start -2.5 -1.25) (end -2.5 1.25) (layer B.Fab) (width 0.1))
    (pad 2 smd roundrect (at 2.3375 0) (size 1.525 2.65) (layers B.Cu B.Paste B.Mask) (roundrect_rratio 0.163934)
      (net 9 "Net-(D3-Pad1)"))
    (pad 1 smd roundrect (at -2.3375 0) (size 1.525 2.65) (layers B.Cu B.Paste B.Mask) (roundrect_rratio 0.163934)
      (net 4 "Net-(C1-Pad2)"))
    (model ${KISYS3DMOD}/Resistor_SMD.3dshapes/R_2010_5025Metric.wrl
      (at (xyz 0 0 0))
      (scale (xyz 1 1 1))
      (rotate (xyz 0 0 0))
    )
  )

  (module Resistor_SMD:R_2010_5025Metric_Pad1.52x2.65mm_HandSolder (layer B.Cu) (tedit 5B301BBD) (tstamp 5BFFDA96)
    (at 51.21 49.686 270)
    (descr "Resistor SMD 2010 (5025 Metric), square (rectangular) end terminal, IPC_7351 nominal with elongated pad for handsoldering. (Body size source: http://www.tortai-tech.com/upload/download/2011102023233369053.pdf), generated with kicad-footprint-generator")
    (tags "resistor handsolder")
    (path /5BF31F1D)
    (attr smd)
    (fp_text reference R2 (at 0 2.28 270) (layer B.SilkS)
      (effects (font (size 1 1) (thickness 0.15)) (justify mirror))
    )
    (fp_text value 10K (at 0 -2.28 270) (layer B.Fab)
      (effects (font (size 1 1) (thickness 0.15)) (justify mirror))
    )
    (fp_line (start -2.5 -1.25) (end -2.5 1.25) (layer B.Fab) (width 0.1))
    (fp_line (start -2.5 1.25) (end 2.5 1.25) (layer B.Fab) (width 0.1))
    (fp_line (start 2.5 1.25) (end 2.5 -1.25) (layer B.Fab) (width 0.1))
    (fp_line (start 2.5 -1.25) (end -2.5 -1.25) (layer B.Fab) (width 0.1))
    (fp_line (start -1.402064 1.36) (end 1.402064 1.36) (layer B.SilkS) (width 0.12))
    (fp_line (start -1.402064 -1.36) (end 1.402064 -1.36) (layer B.SilkS) (width 0.12))
    (fp_line (start -3.35 -1.58) (end -3.35 1.58) (layer B.CrtYd) (width 0.05))
    (fp_line (start -3.35 1.58) (end 3.35 1.58) (layer B.CrtYd) (width 0.05))
    (fp_line (start 3.35 1.58) (end 3.35 -1.58) (layer B.CrtYd) (width 0.05))
    (fp_line (start 3.35 -1.58) (end -3.35 -1.58) (layer B.CrtYd) (width 0.05))
    (fp_text user %R (at 0 0 270) (layer B.Fab)
      (effects (font (size 1 1) (thickness 0.15)) (justify mirror))
    )
    (pad 1 smd roundrect (at -2.3375 0 270) (size 1.525 2.65) (layers B.Cu B.Paste B.Mask) (roundrect_rratio 0.163934)
      (net 4 "Net-(C1-Pad2)"))
    (pad 2 smd roundrect (at 2.3375 0 270) (size 1.525 2.65) (layers B.Cu B.Paste B.Mask) (roundrect_rratio 0.163934)
      (net 1 VCC))
    (model ${KISYS3DMOD}/Resistor_SMD.3dshapes/R_2010_5025Metric.wrl
      (at (xyz 0 0 0))
      (scale (xyz 1 1 1))
      (rotate (xyz 0 0 0))
    )
  )

  (module Resistor_SMD:R_2010_5025Metric_Pad1.52x2.65mm_HandSolder (layer B.Cu) (tedit 5B301BBD) (tstamp 5BFFDAA6)
    (at 32.16 49.559 270)
    (descr "Resistor SMD 2010 (5025 Metric), square (rectangular) end terminal, IPC_7351 nominal with elongated pad for handsoldering. (Body size source: http://www.tortai-tech.com/upload/download/2011102023233369053.pdf), generated with kicad-footprint-generator")
    (tags "resistor handsolder")
    (path /5BF3202B)
    (attr smd)
    (fp_text reference R3 (at 0 2.28 270) (layer B.SilkS)
      (effects (font (size 1 1) (thickness 0.15)) (justify mirror))
    )
    (fp_text value 10K (at 0 -2.28 270) (layer B.Fab)
      (effects (font (size 1 1) (thickness 0.15)) (justify mirror))
    )
    (fp_text user %R (at 0 0 270) (layer B.Fab)
      (effects (font (size 1 1) (thickness 0.15)) (justify mirror))
    )
    (fp_line (start 3.35 -1.58) (end -3.35 -1.58) (layer B.CrtYd) (width 0.05))
    (fp_line (start 3.35 1.58) (end 3.35 -1.58) (layer B.CrtYd) (width 0.05))
    (fp_line (start -3.35 1.58) (end 3.35 1.58) (layer B.CrtYd) (width 0.05))
    (fp_line (start -3.35 -1.58) (end -3.35 1.58) (layer B.CrtYd) (width 0.05))
    (fp_line (start -1.402064 -1.36) (end 1.402064 -1.36) (layer B.SilkS) (width 0.12))
    (fp_line (start -1.402064 1.36) (end 1.402064 1.36) (layer B.SilkS) (width 0.12))
    (fp_line (start 2.5 -1.25) (end -2.5 -1.25) (layer B.Fab) (width 0.1))
    (fp_line (start 2.5 1.25) (end 2.5 -1.25) (layer B.Fab) (width 0.1))
    (fp_line (start -2.5 1.25) (end 2.5 1.25) (layer B.Fab) (width 0.1))
    (fp_line (start -2.5 -1.25) (end -2.5 1.25) (layer B.Fab) (width 0.1))
    (pad 2 smd roundrect (at 2.3375 0 270) (size 1.525 2.65) (layers B.Cu B.Paste B.Mask) (roundrect_rratio 0.163934)
      (net 1 VCC))
    (pad 1 smd roundrect (at -2.3375 0 270) (size 1.525 2.65) (layers B.Cu B.Paste B.Mask) (roundrect_rratio 0.163934)
      (net 6 "Net-(C2-Pad1)"))
    (model ${KISYS3DMOD}/Resistor_SMD.3dshapes/R_2010_5025Metric.wrl
      (at (xyz 0 0 0))
      (scale (xyz 1 1 1))
      (rotate (xyz 0 0 0))
    )
  )

  (module Resistor_SMD:R_2010_5025Metric_Pad1.52x2.65mm_HandSolder (layer B.Cu) (tedit 5B301BBD) (tstamp 5BFFDAB6)
    (at 38.51 49.559 90)
    (descr "Resistor SMD 2010 (5025 Metric), square (rectangular) end terminal, IPC_7351 nominal with elongated pad for handsoldering. (Body size source: http://www.tortai-tech.com/upload/download/2011102023233369053.pdf), generated with kicad-footprint-generator")
    (tags "resistor handsolder")
    (path /5BF32163)
    (attr smd)
    (fp_text reference R4 (at 0 2.28 90) (layer B.SilkS)
      (effects (font (size 1 1) (thickness 0.15)) (justify mirror))
    )
    (fp_text value 10K (at 0 -2.28 90) (layer B.Fab)
      (effects (font (size 1 1) (thickness 0.15)) (justify mirror))
    )
    (fp_line (start -2.5 -1.25) (end -2.5 1.25) (layer B.Fab) (width 0.1))
    (fp_line (start -2.5 1.25) (end 2.5 1.25) (layer B.Fab) (width 0.1))
    (fp_line (start 2.5 1.25) (end 2.5 -1.25) (layer B.Fab) (width 0.1))
    (fp_line (start 2.5 -1.25) (end -2.5 -1.25) (layer B.Fab) (width 0.1))
    (fp_line (start -1.402064 1.36) (end 1.402064 1.36) (layer B.SilkS) (width 0.12))
    (fp_line (start -1.402064 -1.36) (end 1.402064 -1.36) (layer B.SilkS) (width 0.12))
    (fp_line (start -3.35 -1.58) (end -3.35 1.58) (layer B.CrtYd) (width 0.05))
    (fp_line (start -3.35 1.58) (end 3.35 1.58) (layer B.CrtYd) (width 0.05))
    (fp_line (start 3.35 1.58) (end 3.35 -1.58) (layer B.CrtYd) (width 0.05))
    (fp_line (start 3.35 -1.58) (end -3.35 -1.58) (layer B.CrtYd) (width 0.05))
    (fp_text user %R (at 0 0 90) (layer B.Fab)
      (effects (font (size 1 1) (thickness 0.15)) (justify mirror))
    )
    (pad 1 smd roundrect (at -2.3375 0 90) (size 1.525 2.65) (layers B.Cu B.Paste B.Mask) (roundrect_rratio 0.163934)
      (net 1 VCC))
    (pad 2 smd roundrect (at 2.3375 0 90) (size 1.525 2.65) (layers B.Cu B.Paste B.Mask) (roundrect_rratio 0.163934)
      (net 3 "Net-(C1-Pad1)"))
    (model ${KISYS3DMOD}/Resistor_SMD.3dshapes/R_2010_5025Metric.wrl
      (at (xyz 0 0 0))
      (scale (xyz 1 1 1))
      (rotate (xyz 0 0 0))
    )
  )

  (module Resistor_SMD:R_2010_5025Metric_Pad1.52x2.65mm_HandSolder (layer B.Cu) (tedit 5B301BBD) (tstamp 5BFFDAC6)
    (at 44.86 49.686 90)
    (descr "Resistor SMD 2010 (5025 Metric), square (rectangular) end terminal, IPC_7351 nominal with elongated pad for handsoldering. (Body size source: http://www.tortai-tech.com/upload/download/2011102023233369053.pdf), generated with kicad-footprint-generator")
    (tags "resistor handsolder")
    (path /5BF32243)
    (attr smd)
    (fp_text reference R5 (at 0 2.28 90) (layer B.SilkS)
      (effects (font (size 1 1) (thickness 0.15)) (justify mirror))
    )
    (fp_text value 10K (at 0 -2.28 90) (layer B.Fab)
      (effects (font (size 1 1) (thickness 0.15)) (justify mirror))
    )
    (fp_text user %R (at 0 0 90) (layer B.Fab)
      (effects (font (size 1 1) (thickness 0.15)) (justify mirror))
    )
    (fp_line (start 3.35 -1.58) (end -3.35 -1.58) (layer B.CrtYd) (width 0.05))
    (fp_line (start 3.35 1.58) (end 3.35 -1.58) (layer B.CrtYd) (width 0.05))
    (fp_line (start -3.35 1.58) (end 3.35 1.58) (layer B.CrtYd) (width 0.05))
    (fp_line (start -3.35 -1.58) (end -3.35 1.58) (layer B.CrtYd) (width 0.05))
    (fp_line (start -1.402064 -1.36) (end 1.402064 -1.36) (layer B.SilkS) (width 0.12))
    (fp_line (start -1.402064 1.36) (end 1.402064 1.36) (layer B.SilkS) (width 0.12))
    (fp_line (start 2.5 -1.25) (end -2.5 -1.25) (layer B.Fab) (width 0.1))
    (fp_line (start 2.5 1.25) (end 2.5 -1.25) (layer B.Fab) (width 0.1))
    (fp_line (start -2.5 1.25) (end 2.5 1.25) (layer B.Fab) (width 0.1))
    (fp_line (start -2.5 -1.25) (end -2.5 1.25) (layer B.Fab) (width 0.1))
    (pad 2 smd roundrect (at 2.3375 0 90) (size 1.525 2.65) (layers B.Cu B.Paste B.Mask) (roundrect_rratio 0.163934)
      (net 5 "Net-(C2-Pad2)"))
    (pad 1 smd roundrect (at -2.3375 0 90) (size 1.525 2.65) (layers B.Cu B.Paste B.Mask) (roundrect_rratio 0.163934)
      (net 1 VCC))
    (model ${KISYS3DMOD}/Resistor_SMD.3dshapes/R_2010_5025Metric.wrl
      (at (xyz 0 0 0))
      (scale (xyz 1 1 1))
      (rotate (xyz 0 0 0))
    )
  )

  (module Resistor_SMD:R_2010_5025Metric_Pad1.52x2.65mm_HandSolder (layer B.Cu) (tedit 5B301BBD) (tstamp 5BFFDAD6)
    (at 58 40 180)
    (descr "Resistor SMD 2010 (5025 Metric), square (rectangular) end terminal, IPC_7351 nominal with elongated pad for handsoldering. (Body size source: http://www.tortai-tech.com/upload/download/2011102023233369053.pdf), generated with kicad-footprint-generator")
    (tags "resistor handsolder")
    (path /5BF347CB)
    (attr smd)
    (fp_text reference R6 (at 0 2.28 180) (layer B.SilkS)
      (effects (font (size 1 1) (thickness 0.15)) (justify mirror))
    )
    (fp_text value 220 (at 0 -2.28 180) (layer B.Fab)
      (effects (font (size 1 1) (thickness 0.15)) (justify mirror))
    )
    (fp_line (start -2.5 -1.25) (end -2.5 1.25) (layer B.Fab) (width 0.1))
    (fp_line (start -2.5 1.25) (end 2.5 1.25) (layer B.Fab) (width 0.1))
    (fp_line (start 2.5 1.25) (end 2.5 -1.25) (layer B.Fab) (width 0.1))
    (fp_line (start 2.5 -1.25) (end -2.5 -1.25) (layer B.Fab) (width 0.1))
    (fp_line (start -1.402064 1.36) (end 1.402064 1.36) (layer B.SilkS) (width 0.12))
    (fp_line (start -1.402064 -1.36) (end 1.402064 -1.36) (layer B.SilkS) (width 0.12))
    (fp_line (start -3.35 -1.58) (end -3.35 1.58) (layer B.CrtYd) (width 0.05))
    (fp_line (start -3.35 1.58) (end 3.35 1.58) (layer B.CrtYd) (width 0.05))
    (fp_line (start 3.35 1.58) (end 3.35 -1.58) (layer B.CrtYd) (width 0.05))
    (fp_line (start 3.35 -1.58) (end -3.35 -1.58) (layer B.CrtYd) (width 0.05))
    (fp_text user %R (at 0 0 180) (layer B.Fab)
      (effects (font (size 1 1) (thickness 0.15)) (justify mirror))
    )
    (pad 1 smd roundrect (at -2.3375 0 180) (size 1.525 2.65) (layers B.Cu B.Paste B.Mask) (roundrect_rratio 0.163934)
      (net 13 "Net-(D7-Pad1)"))
    (pad 2 smd roundrect (at 2.3375 0 180) (size 1.525 2.65) (layers B.Cu B.Paste B.Mask) (roundrect_rratio 0.163934)
      (net 5 "Net-(C2-Pad2)"))
    (model ${KISYS3DMOD}/Resistor_SMD.3dshapes/R_2010_5025Metric.wrl
      (at (xyz 0 0 0))
      (scale (xyz 1 1 1))
      (rotate (xyz 0 0 0))
    )
  )

  (module LED_THT:LED_Rectangular_W5.0mm_H5.0mm (layer F.Cu) (tedit 587A3A7B) (tstamp 5C0BE59A)
    (at 26 29.5 180)
    (descr "LED_Rectangular, Rectangular,  Rectangular size 5.0x5.0mm^2, 2 pins, http://www.kingbright.com/attachments/file/psearch/000/00/00/L-169XCGDK(Ver.9B).pdf")
    (tags "LED_Rectangular Rectangular  Rectangular size 5.0x5.0mm^2 2 pins")
    (path /5BF3313D)
    (fp_text reference D1 (at 1.27 -3.56 180) (layer F.SilkS)
      (effects (font (size 1 1) (thickness 0.15)))
    )
    (fp_text value LED (at 1.27 3.56 180) (layer F.Fab)
      (effects (font (size 1 1) (thickness 0.15)))
    )
    (fp_line (start 4.1 -2.85) (end -1.55 -2.85) (layer F.CrtYd) (width 0.05))
    (fp_line (start 4.1 2.85) (end 4.1 -2.85) (layer F.CrtYd) (width 0.05))
    (fp_line (start -1.55 2.85) (end 4.1 2.85) (layer F.CrtYd) (width 0.05))
    (fp_line (start -1.55 -2.85) (end -1.55 2.85) (layer F.CrtYd) (width 0.05))
    (fp_line (start -1.051 1.08) (end -1.051 2.56) (layer F.SilkS) (width 0.12))
    (fp_line (start -1.051 -2.56) (end -1.051 -1.08) (layer F.SilkS) (width 0.12))
    (fp_line (start -1.17 -2.56) (end -1.17 2.56) (layer F.SilkS) (width 0.12))
    (fp_line (start 3.83 -2.56) (end 3.83 2.56) (layer F.SilkS) (width 0.12))
    (fp_line (start -1.29 -2.56) (end -1.29 2.56) (layer F.SilkS) (width 0.12))
    (fp_line (start -1.29 2.56) (end 3.83 2.56) (layer F.SilkS) (width 0.12))
    (fp_line (start -1.29 -2.56) (end 3.83 -2.56) (layer F.SilkS) (width 0.12))
    (fp_line (start 3.77 -2.5) (end -1.23 -2.5) (layer F.Fab) (width 0.1))
    (fp_line (start 3.77 2.5) (end 3.77 -2.5) (layer F.Fab) (width 0.1))
    (fp_line (start -1.23 2.5) (end 3.77 2.5) (layer F.Fab) (width 0.1))
    (fp_line (start -1.23 -2.5) (end -1.23 2.5) (layer F.Fab) (width 0.1))
    (pad 2 thru_hole circle (at 2.54 0 180) (size 1.8 1.8) (drill 0.9) (layers *.Cu *.Mask)
      (net 1 VCC))
    (pad 1 thru_hole rect (at 0 0 180) (size 1.8 1.8) (drill 0.9) (layers *.Cu *.Mask)
      (net 7 "Net-(D1-Pad1)"))
    (model ${KISYS3DMOD}/LED_THT.3dshapes/LED_Rectangular_W5.0mm_H5.0mm.wrl
      (at (xyz 0 0 0))
      (scale (xyz 1 1 1))
      (rotate (xyz 0 0 0))
    )
  )

  (module LED_THT:LED_Rectangular_W5.0mm_H5.0mm (layer F.Cu) (tedit 587A3A7B) (tstamp 5C0BE5AE)
    (at 36 29.5 180)
    (descr "LED_Rectangular, Rectangular,  Rectangular size 5.0x5.0mm^2, 2 pins, http://www.kingbright.com/attachments/file/psearch/000/00/00/L-169XCGDK(Ver.9B).pdf")
    (tags "LED_Rectangular Rectangular  Rectangular size 5.0x5.0mm^2 2 pins")
    (path /5BF4DA73)
    (fp_text reference D2 (at 1.27 -3.56 180) (layer F.SilkS)
      (effects (font (size 1 1) (thickness 0.15)))
    )
    (fp_text value LED (at 1.27 3.56 180) (layer F.Fab)
      (effects (font (size 1 1) (thickness 0.15)))
    )
    (fp_line (start 4.1 -2.85) (end -1.55 -2.85) (layer F.CrtYd) (width 0.05))
    (fp_line (start 4.1 2.85) (end 4.1 -2.85) (layer F.CrtYd) (width 0.05))
    (fp_line (start -1.55 2.85) (end 4.1 2.85) (layer F.CrtYd) (width 0.05))
    (fp_line (start -1.55 -2.85) (end -1.55 2.85) (layer F.CrtYd) (width 0.05))
    (fp_line (start -1.051 1.08) (end -1.051 2.56) (layer F.SilkS) (width 0.12))
    (fp_line (start -1.051 -2.56) (end -1.051 -1.08) (layer F.SilkS) (width 0.12))
    (fp_line (start -1.17 -2.56) (end -1.17 2.56) (layer F.SilkS) (width 0.12))
    (fp_line (start 3.83 -2.56) (end 3.83 2.56) (layer F.SilkS) (width 0.12))
    (fp_line (start -1.29 -2.56) (end -1.29 2.56) (layer F.SilkS) (width 0.12))
    (fp_line (start -1.29 2.56) (end 3.83 2.56) (layer F.SilkS) (width 0.12))
    (fp_line (start -1.29 -2.56) (end 3.83 -2.56) (layer F.SilkS) (width 0.12))
    (fp_line (start 3.77 -2.5) (end -1.23 -2.5) (layer F.Fab) (width 0.1))
    (fp_line (start 3.77 2.5) (end 3.77 -2.5) (layer F.Fab) (width 0.1))
    (fp_line (start -1.23 2.5) (end 3.77 2.5) (layer F.Fab) (width 0.1))
    (fp_line (start -1.23 -2.5) (end -1.23 2.5) (layer F.Fab) (width 0.1))
    (pad 2 thru_hole circle (at 2.54 0 180) (size 1.8 1.8) (drill 0.9) (layers *.Cu *.Mask)
      (net 7 "Net-(D1-Pad1)"))
    (pad 1 thru_hole rect (at 0 0 180) (size 1.8 1.8) (drill 0.9) (layers *.Cu *.Mask)
      (net 8 "Net-(D2-Pad1)"))
    (model ${KISYS3DMOD}/LED_THT.3dshapes/LED_Rectangular_W5.0mm_H5.0mm.wrl
      (at (xyz 0 0 0))
      (scale (xyz 1 1 1))
      (rotate (xyz 0 0 0))
    )
  )

  (module LED_THT:LED_Rectangular_W5.0mm_H5.0mm (layer F.Cu) (tedit 587A3A7B) (tstamp 5C0BE5C2)
    (at 46 29.5 180)
    (descr "LED_Rectangular, Rectangular,  Rectangular size 5.0x5.0mm^2, 2 pins, http://www.kingbright.com/attachments/file/psearch/000/00/00/L-169XCGDK(Ver.9B).pdf")
    (tags "LED_Rectangular Rectangular  Rectangular size 5.0x5.0mm^2 2 pins")
    (path /5BF4E1BE)
    (fp_text reference D3 (at 1.27 -3.56 180) (layer F.SilkS)
      (effects (font (size 1 1) (thickness 0.15)))
    )
    (fp_text value LED (at 1.27 3.56 180) (layer F.Fab)
      (effects (font (size 1 1) (thickness 0.15)))
    )
    (fp_line (start -1.23 -2.5) (end -1.23 2.5) (layer F.Fab) (width 0.1))
    (fp_line (start -1.23 2.5) (end 3.77 2.5) (layer F.Fab) (width 0.1))
    (fp_line (start 3.77 2.5) (end 3.77 -2.5) (layer F.Fab) (width 0.1))
    (fp_line (start 3.77 -2.5) (end -1.23 -2.5) (layer F.Fab) (width 0.1))
    (fp_line (start -1.29 -2.56) (end 3.83 -2.56) (layer F.SilkS) (width 0.12))
    (fp_line (start -1.29 2.56) (end 3.83 2.56) (layer F.SilkS) (width 0.12))
